10111111 racemorum. 337

242, 7. 257, 8. 258, 34. 259, 2. 269,
102, 30. ll. 276, 23. 293, 38. 294, 35.
1,2, 8. 40, 28. 61,11. 305, 4. Graecorum historici
103, 29. 139, 26. 144, 22, 36.
4. 161, 7. 180, 4. 205, Graeculus 155, 14. Graeculi 01,
35. 21. 109,16.
ianm. 5111111190, 23, Graecus 1 um. bibliothocae 20,
12,171,35.11111146, 4. 25, 23. 51,16. certamen
1111110139,2. 31111100, 59, 29. 111111 50, 21. comoe-
ones 220, 3. res 218, diua 120, 7. 153, 4. consue-
no 140, 24. victoria tudo 259, 29. disciplinas 77,
10. eloquentia 270, 30. epistula
1111 111101101212, 19. 161, 3. exercitationes 270, 7.
Germaniciani 08, 1. facundia 127, 34. grammaticus
205, 21. 1115111183, 4. iuscri-
1 0111111148, 1. ptio 193, 19. Kalendae 76,24.
a Caesar Drusi i. 54, litterae 33, 24. 201, 33. 295,
13. 85, 14. 98, 2, 8. 37. poemata 115, 27. provor-
107, 27, 35. 108, 6. 1111111103, 3. 178, 8, 18111,
119, 5-121, 24. 122, pugiles 59, 33. rhetores 233,
17, 35 124,10.140‚ 11 sermo 110, 2, 178, 16.
19, 23, 34 149, 19, studia 1688111111108, 10.
153,3.162,3.163,10115111111302,27.
17. 209, 32. 215, 30. Graece 116,10 166, 30. 168,
ero reliquit et comoe- 10. 173, 25. 190, 2. 236, 25
rocas 120, 7. 153, 4. 243, 32. 249, 22. 260, 12.
1151115410, 85, 14. 208, 24269, 35. 303, 33.
109, 130 111, 21. 121, Graecanica toga 243, 35.
108, 2 .
t Claudius 148, 23.
iilius v, Britannicus. Hadrianus 40, 22.
21827. 221,17. Do· Η1611111111111111194,16.304,35.
249, 26 Hadrumetum 226, 17.
1011111125, 9 249,27. Halasit Ilii 189, 25
1111111193, 10. Halotus 169, 5. 206, 14,10.
1156 21. 11111151186, 26. 247, 20. 286, 20.
3.Η11000111 162, 34.
111171, 17. Hasdrubal 86, 25.
8. ’ 0110111111 98, 35. 99, 19.
17. 290, 7.
,.6 Hecatebeletes 100, 9.
,12.100,19.128,23.1111101107,34.179,16.
181, 5. iat, 31. 180, Hecuba 115, 35.
10292, 22. 294, 7. Helius 180, 5
Hellespontus 20, 36. 127, 24.
29.133,9.179,35. 311116122413.

ss. 22

 

