nonuuuu 1551155555. 339

Internum 51515 304, 33. 0.(15515139, 21. 53, 1. 80,
Invictus 94, 23. 32. 88, 9. 171, 4. 294, 31.
1555555228, 4. 295, 20. 05555140, 37. 41, 0.
Imeus 272, 31. 42, 1; 84- 45, 21. 64,18. 59,

. 1555115281, 28. 24. 08, 30; 31. 80, 37. 81,

Ι Isauricus v. Servilius. 11. 88,13. 188, 27. 205, 20.

τ ’15551551511515 208,28.299,15.151155055-
1515555 241, 25. 551200, 12. Divus 055151 81,

, Isidorus Cynicus 190, 14. 30, Divus lulius 38, 10. 43,

Ι Isthmus 20, 9. 128, 8. 177, 27. 20. 45, 19. 52, 13. 81, 5. 84,

' 189, 4. 34.]30,33.150,18.157,10.
0151111515 181, 3. 218, 19. 228, 10. 200,Ι 15.
115115 13, 11. 17, 20. 19, 7. 23, epistulae 12, 29. ad Ciceronem
' 26. 30, 28. 32, 24. 33, 20. 25,13. ad familiares 25, 14.
43, 8. 44, 37. 45, 4. 00, 9; ad 55551155 25,10. orationes
12. 05, 5. 87, 2.90,13. 94, 24, 9. divinatio 51551155εεί5
14. 102, 7. 120, 0. 155, 30. Cornelium Dolabellam 4,10. 23,
159, 29. 100, 30. 184,10. 221, 34. 24, 8. pro Bithynis 21, 37.
15. 220, 9. 237, 29, 245, 9. pro Q. Metello 24,11. ln 0·
247, 24. 271, 29. Μ55551115129,20.55511’5555511511
2 [15155 res 298, 9. milites 24, 17. 27, 20. Antica-

31151151 230, 33. 292, 8. tirones 1511151155 25, 51 8, cle 555·

in' 177, 31. 15915 libri duo 25, 4; 6. rerum

:l Iuba 10, 28. 26, 7. 27, 19. 29, 11. mrum commentarii Gallici cl·
Iuba filius 131, 7. ullisque belli Pompeiani 24, 21

l Iudaea 79, 1. 102, 33, 209, 9. -25, 4. Iler poema 25, 6: 8.

Ξῖ 220, 32. 228, l, 239, 9; 17. 15195555529431. 1550550151·-
Iudaeus 72, 22. Iudaei 36, 3. 55115, tragoedia Oedipus, 111515

101, 38. 101, 0. 220, 34. 229, collectanea 25, 20,

„- 31. 287, 21. ,055551155515511511511 171, 18.

ν Iudaicus anm. exercitus 221,25. 1151155289, 18.

lu 228, 35. fiscus 248, 32. ritus Iulius a um. 05511155 130, 14.

101,30.11151551155242,141115 290, 14. 55115 140, 20. 15511-

ll 248, 34. 115148, 23151133, 19. 39,

‘ Iugurtha 6, 38. 25. 185, 27. mensis 31, 9.

Ι 11011ῧῶ· 280, 18. portus 43, 38.

1 caesar 551111 280, 13. Iuliani milites 30, 17.

1 15115505555151111155 286, 21. caesarien 22, 35. 23, 3. 45, 21.
G. lulius Caesar primns 146, 25. 15115 0151515115 51153, 151521.
G. Caesares omnes 146, 24. 12,10; 21. 22, 15. 35, 13.
Caesar Strabo 24, 5. oratio prr 81, 24.

34143 241 7· L. 055551 iuvenis 30, 22ς 25.
15115 dictatoris 515115 5, 3; 0. ’5115 Augusta 126, 4. v. Livia
15115 (1151515115 soror 30, 5. 31 Drusilla,

21. 40, 30. 'ulia Augusti f. 46, 9. 05, 33
ο, lpum “nn- nummn 5» nn 551 0 67, 1¹ ”n ’19 w

»6⁹

 

