356 nennx

19-32.11011111111111121,9. 9111111111111111111188,14.
1110111911111 121, 33. 122,19. T. Vinius Philopoemen 49, 86
111111111115-11111111-Τ.911111105,11.117,26.
samsom 1101501111 210 27 V‘trpt’lt'us Maro 134, 66· 66264,
in Domitianam 254, 3. 23. 296, 4, 7 299, 16. Ae·
uersus incertorum poetarum Graeci neidoe libri 296, 5. 1111611299,
83, 20, 24. 84, 1. 168, 10. 19.71111111197,19.31111611
117, 10. 169, 9. 190, 4, 5. 3, 66 sqq. 266, 30. 3, 66 295,
194, 7. 212, 18. 250, 8. 33. 4290, 28. (1111111111,
Vespasiae loeus 225, 1. 41 316, 2. 1, 446 316, 2. 2,
Vespasiorum monumenta 225, 2. 637 246, 14. 4, 362 312, 7.
Vespasius Pollio 224, 19. Aeneidos 1, 1 314, 30. M
9111111121111224,16, 18. 225, 314, 61. 1, 111 305, 4. 1,
21. 227, 13. 2071404. mss 56,75.
9111191111111111[0111122719. 1, 44811. 308,12. 3, 376
231,34] 169, 22. 209, 8. 22126, 317, 8, 4, 1 314, 32. 6, iil
36. 222, 33. 224-235. 236, 316,1. 6, 463 300, 6. 6,1
4. 237, 24, 32, 34, 37. 238, 314, 36. 11,133 315, 5. 12,
18.241,12. 242, 6, 12, 20, 646 194, 16. 12, 663 3163.
24. 245, 37. 246, 13. 249, 7, 9111115111111111111111200, 11.
34. 250, 3. Viselliensis 290,11. ,
Vespasianus Flavii Clementis 1. 91111111111101111215,12.(1111211,Ι
250, 22. , 7. 111215, 11. .
Vestae aedis 107, 7. 177, 25. Vitelliorum origo 215, 1, 7, 12,
91111111111311111111135 121113. 14. ’
Vestales virginea 3, 18. 52, 20. Q. Vitellius 215, 6. idemne
59,12. 85,.9 118, 811532. 99111111111111111111111111215,
182, 22. 222, 18. 245, 37 27,0 22.
181 Α. Vitellius imperatoris patruus
91111111111111239, 22, 28. 390, 215, 25, 26.
29, 38. Q. Vilellius imperatoris patruus
17111111Ρ1111111111257, 28. 253,1. 215, 26, 28.
L. Vettius index 8, 18, 21, 25. Ρ. Vitellius imperatoris patruus
10,15, 21, 215, 26, 30.
Vibius Crispus 242, 35. 1.. Vitellius imperatoris pates 215,

· Vloetinus 266, 19. 26. 216, 2, 28, 31, 37. 218, 7.

1111111111 66, 20. Α. 911111111 imperator [0111111218

9111111184, 25. 204, 13. 28. 11311111218, 27] 212,19,

Vidius 263, 27. 23 , 24. 213, 7. 215-223. 227,

Viennae 218, 37. 223, 12. 9. 228, 26. 229, 2, 17. 282, 2.

vigiles 51, 35. 9111111111230,1.

9111111646, 26. 296, 37. vitellianum 6111111241,22.

Vindelicus a um. bellum 00, 22, Ι.. Vitellius 1111111111111111216,
24. 11111111297,37. 21. 221, 32. 223, 10.

Vindex v. iulius. Vitellius Petronianus imperatorio 1.

9111111111 70, 15. 66, 207 21718.

 

